X-coordinates for algorithm insertion_sort_alg are [100, 300, 500, 700, 900, 1100, 1300, 1500, 1700, 1900, 2100, 2300]
Y-coordinates for algorithm insertion_sort_alg are [1.2191430309976568, 8.971789617000468, 21.376890319999802, 46.6538118440003, 93.8252258040011, 131.773938104001, 182.15837858599843, 259.744099962998, 345.6860491240004, 445.7649141110014, 547.979844286001, 674.2876854599999]


X-coordinates for algorithm bubble_sort_alg are [100, 300, 500, 700, 900, 1100, 1300, 1500, 1700, 1900, 2100, 2300]
Y-coordinates for algorithm bubble_sort_alg are [4.059772035998321, 30.854885098000523, 90.57496400799937, 211.9064950030006, 375.8361214120014, 522.2577374129978, 781.1862400789978, 1124.0022866479994, 1331.2779812000008, 1686.471883696002, 2182.9749755800003, 2692.026486568]


X-coordinates for algorithm merge_sort_alg are [100, 300, 500, 700, 900, 1100, 1300, 1500, 1700, 1900, 2100, 2300]
Y-coordinates for algorithm merge_sort_alg are [0.8757254099909915, 3.119680004994734, 5.668060038995463, 8.342833721006173, 11.140889022004558, 14.101912249010638, 16.82734422199428, 19.922544264001772, 22.789101139002014, 25.639490272005787, 29.064367741986644, 32.573878602997866]


